        x           yn          zn          ∫yn² 
-5.000000000e+00 0.000000000e+00 9.995000000e+01 0.000000000e+00
-4.979959920e+00 2.002920522e+00 9.993578385e+01 4.289601962e+03
-4.959919840e+00 4.005271282e+00 9.988745330e+01 1.716487038e+04
-4.939879760e+00 6.006368737e+00 9.980502289e+01 3.864715358e+04
-4.919839680e+00 8.005529728e+00 9.968851883e+01 6.877340644e+04
-4.899799600e+00 1.000207172e+01 9.953797896e+01 1.075963228e+05
-4.879759520e+00 1.199531304e+01 9.935345271e+01 1.551845260e+05
-4.859719440e+00 1.398457309e+01 9.913500115e+01 2.116228190e+05
-4.839679360e+00 1.596917261e+01 9.888269692e+01 2.770124934e+05
-4.819639280e+00 1.794843387e+01 9.859662421e+01 3.514717010e+05
-4.799599200e+00 1.992168093e+01 9.827687876e+01 4.351358862e+05
-4.779559121e+00 2.188823989e+01 9.792356780e+01 5.281582837e+05
-4.759519041e+00 2.384743906e+01 9.753681002e+01 6.307104812e+05
-4.739478961e+00 2.579860924e+01 9.711673554e+01 7.429830500e+05
-4.719438881e+00 2.774108394e+01 9.666348586e+01 8.651862462e+05
-4.699398801e+00 2.967419958e+01 9.617721381e+01 9.975507840e+05
-4.679358721e+00 3.159729575e+01 9.565808352e+01 1.140328685e+06
-4.659318641e+00 3.350971543e+01 9.510627030e+01 1.293794206e+06
-4.639278561e+00 3.541080518e+01 9.452196067e+01 1.458244850e+06
-4.619238481e+00 3.729991543e+01 9.390535225e+01 1.634002458e+06
-4.599198401e+00 3.917640064e+01 9.325665366e+01 1.821414400e+06
-4.579158321e+00 4.103961953e+01 9.257608453e+01 2.020854852e+06
-4.559118241e+00 4.288893532e+01 9.186387535e+01 2.232726173e+06
-4.539078161e+00 4.472371597e+01 9.112026745e+01 2.457460390e+06
-4.519038081e+00 4.654333433e+01 9.034551286e+01 2.695520793e+06
-4.498998001e+00 4.834716839e+01 8.953987430e+01 2.947403637e+06
-4.478957921e+00 5.013460152e+01 8.870362500e+01 3.213639976e+06
-4.458917841e+00 5.190502263e+01 8.783704868e+01 3.494797624e+06
-4.438877761e+00 5.365782641e+01 8.694043943e+01 3.791483242e+06
-4.418837681e+00 5.539241353e+01 8.601410161e+01 4.104344587e+06
-4.398797601e+00 5.710819084e+01 8.505834972e+01 4.434072897e+06
-4.378757522e+00 5.880457159e+01 8.407350836e+01 4.781405446e+06
-4.358717442e+00 6.048097560e+01 8.305991204e+01 5.147128268e+06
-4.338677362e+00 6.213682948e+01 8.201790512e+01 5.532079065e+06
-4.318637282e+00 6.377156684e+01 8.094784169e+01 5.937150302e+06
-4.298597202e+00 6.538462844e+01 7.985008541e+01 6.363292513e+06
-4.278557122e+00 6.697546243e+01 7.872500945e+01 6.811517820e+06
-4.258517042e+00 6.854352450e+01 7.757299629e+01 7.282903684e+06
-4.238476962e+00 7.008827809e+01 7.639443765e+01 7.778596899e+06
-4.218436882e+00 7.160919457e+01 7.518973432e+01 8.299817850e+06
-4.198396802e+00 7.310575339e+01 7.395929605e+01 8.847865046e+06
-4.178356722e+00 7.457744233e+01 7.270354139e+01 9.424119945e+06
-4.158316642e+00 7.602375760e+01 7.142289756e+01 1.003005209e+07
-4.138276562e+00 7.744420405e+01 7.011780030e+01 1.066722460e+07
-4.118236482e+00 7.883829532e+01 6.878869372e+01 1.133729997e+07
-4.098196402e+00 8.020555404e+01 6.743603015e+01 1.204204628e+07
-4.078156322e+00 8.154551197e+01 6.606026998e+01 1.278334384e+07
-4.058116242e+00 8.285771014e+01 6.466188154e+01 1.356319215e+07
-4.038076162e+00 8.414169905e+01 6.324134087e+01 1.438371746e+07
-4.018036082e+00 8.539703881e+01 6.179913163e+01 1.524718068e+07
-3.997996002e+00 8.662329926e+01 6.033574489e+01 1.615598590e+07
-3.977955922e+00 8.782006016e+01 5.885167897e+01 1.711268942e+07
-3.957915843e+00 8.898691131e+01 5.734743930e+01 1.812000936e+07
-3.937875763e+00 9.012345270e+01 5.582353821e+01 1.918083591e+07
-3.917835683e+00 9.122929464e+01 5.428049477e+01 2.029824220e+07
-3.897795603e+00 9.230405790e+01 5.271883462e+01 2.147549597e+07
-3.877755523e+00 9.334737383e+01 5.113908978e+01 2.271607189e+07
-3.857715443e+00 9.435888451e+01 4.954179848e+01 2.402366471e+07
-3.837675363e+00 9.533824283e+01 4.792750495e+01 2.540220335e+07
-3.817635283e+00 9.628511267e+01 4.629675929e+01 2.685586573e+07
-3.797595203e+00 9.719916896e+01 4.465011721e+01 2.838909475e+07
-3.777555123e+00 9.808009781e+01 4.298813991e+01 3.000661519e+07
-3.757515043e+00 9.892759662e+01 4.131139383e+01 3.171345173e+07
-3.737474963e+00 9.974137420e+01 3.962045051e+01 3.351494819e+07
-3.717434883e+00 1.005211508e+02 3.791588634e+01 3.541678798e+07
-3.697394803e+00 1.012666584e+02 3.619828241e+01 3.742501587e+07
-3.677354723e+00 1.019776405e+02 3.446822430e+01 3.954606124e+07
-3.657314643e+00 1.026538525e+02 3.272630186e+01 4.178676283e+07
-3.637274563e+00 1.032950615e+02 3.097310902e+01 4.415439502e+07
-3.617234483e+00 1.039010466e+02 2.920924362e+01 4.665669598e+07
-3.597194403e+00 1.044715991e+02 2.743530715e+01 4.930189754e+07
-3.577154323e+00 1.050065221e+02 2.565190457e+01 5.209875709e+07
-3.557114244e+00 1.055056311e+02 2.385964412e+01 5.505659152e+07
-3.537074164e+00 1.059687535e+02 2.205913710e+01 5.818531341e+07
-3.517034084e+00 1.063957293e+02 2.025099764e+01 6.149546962e+07
-3.496994004e+00 1.067864107e+02 1.843584254e+01 6.499828238e+07
-3.476953924e+00 1.071406621e+02 1.661429101e+01 6.870569309e+07
-3.456913844e+00 1.074583608e+02 1.478696447e+01 7.263040901e+07
-3.436873764e+00 1.077393960e+02 1.295448637e+01 7.678595302e+07
-3.416833684e+00 1.079836698e+02 1.111748193e+01 8.118671665e+07
-3.396793604e+00 1.081910967e+02 9.276577984e+00 8.584801665e+07
-3.376753524e+00 1.083616038e+02 7.432402697e+00 9.078615522e+07
-3.356713444e+00 1.084951309e+02 5.585585406e+00 9.601848430e+07
-3.336673364e+00 1.085916301e+02 3.736756381e+00 1.015634740e+08
-3.316633284e+00 1.086510666e+02 1.886546615e+00 1.074407857e+08
-3.296593204e+00 1.086734178e+02 3.558760847e-02 1.136713499e+08
-3.276553124e+00 1.086586740e+02 -1.815488847e+00 1.202774490e+08
-3.256513044e+00 1.086068382e+02 -3.666050884e+00 1.272828062e+08
-3.236472964e+00 1.085179260e+02 -5.515466774e+00 1.347126797e+08
-3.216432884e+00 1.083919655e+02 -7.363105144e+00 1.425939632e+08
-3.196392804e+00 1.082289977e+02 -9.208335192e+00 1.509552932e+08
-3.176352724e+00 1.080290761e+02 -1.105052690e+01 1.598271638e+08
-3.156312644e+00 1.077922669e+02 -1.288905126e+01 1.692420484e+08
-3.136272565e+00 1.075186487e+02 -1.472328047e+01 1.792345300e+08
-3.116232485e+00 1.072083129e+02 -1.655258815e+01 1.898414398e+08
-3.096192405e+00 1.068613634e+02 -1.837634960e+01 2.011020057e+08
-3.076152325e+00 1.064779164e+02 -2.019394194e+01 2.130580099e+08
-3.056112245e+00 1.060581008e+02 -2.200474437e+01 2.257539571e+08
-3.036072165e+00 1.056020579e+02 -2.380813839e+01 2.392372550e+08
-3.016032085e+00 1.051099412e+02 -2.560350797e+01 2.535584050e+08
-2.995992005e+00 1.045819167e+02 -2.739023979e+01 2.687712072e+08
-2.975951925e+00 1.040181625e+02 -2.916772347e+01 2.849329787e+08
-2.955911845e+00 1.034188692e+02 -3.093535171e+01 3.021047856e+08
-2.935871765e+00 1.027842392e+02 -3.269252057e+01 3.203516920e+08
-2.915831685e+00 1.021144871e+02 -3.443862963e+01 3.397430242e+08
-2.895791605e+00 1.014098397e+02 -3.617308223e+01 3.603526537e+08
-2.875751525e+00 1.006705354e+02 -3.789528563e+01 3.822592987e+08
-2.855711445e+00 9.989682460e+01 -3.960465125e+01 4.055468456e+08
-2.835671365e+00 9.908896950e+01 -4.130059487e+01 4.303046921e+08
-2.815631285e+00 9.824724391e+01 -4.298253679e+01 4.566281142e+08
-2.795591205e+00 9.737193323e+01 -4.464990209e+01 4.846186562e+08
-2.775551125e+00 9.646333434e+01 -4.630212077e+01 5.143845483e+08
-2.755511045e+00 9.552175550e+01 -4.793862798e+01 5.460411515e+08
-2.735470966e+00 9.454751625e+01 -4.955886419e+01 5.797114329e+08
-2.715430886e+00 9.354094729e+01 -5.116227540e+01 6.155264723e+08
-2.695390806e+00 9.250239037e+01 -5.274831332e+01 6.536260032e+08
-2.675350726e+00 9.143219821e+01 -5.431643556e+01 6.941589907e+08
-2.655310646e+00 9.033073430e+01 -5.586610581e+01 7.372842474e+08
-2.635270566e+00 8.919837287e+01 -5.739679404e+01 7.831710913e+08
-2.615230486e+00 8.803549870e+01 -5.890797665e+01 8.320000479e+08
-2.595190406e+00 8.684250699e+01 -6.039913669e+01 8.839635998e+08
-2.575150326e+00 8.561980327e+01 -6.186976401e+01 9.392669865e+08
-2.555110246e+00 8.436780323e+01 -6.331935543e+01 9.981290585e+08
-2.535070166e+00 8.308693258e+01 -6.474741492e+01 1.060783189e+09
-2.515030086e+00 8.177762691e+01 -6.615345379e+01 1.127478246e+09
-2.494990006e+00 8.044033153e+01 -6.753699083e+01 1.198479634e+09
-2.474949926e+00 7.907550135e+01 -6.889755247e+01 1.274070399e+09
-2.454909846e+00 7.768360069e+01 -7.023467298e+01 1.354552415e+09
-2.434869766e+00 7.626510314e+01 -7.154789459e+01 1.440247650e+09
-2.414829686e+00 7.482049141e+01 -7.283676766e+01 1.531499509e+09
-2.394789606e+00 7.335025714e+01 -7.410085085e+01 1.628674283e+09
-2.374749526e+00 7.185490073e+01 -7.533971124e+01 1.732162684e+09
-2.354709446e+00 7.033493120e+01 -7.655292451e+01 1.842381484e+09
-2.334669366e+00 6.879086602e+01 -7.774007507e+01 1.959775277e+09
-2.314629287e+00 6.722323087e+01 -7.890075618e+01 2.084818345e+09
-2.294589207e+00 6.563255954e+01 -8.003457014e+01 2.218016661e+09
-2.274549127e+00 6.401939371e+01 -8.114112839e+01 2.359910025e+09
-2.254509047e+00 6.238428275e+01 -8.222005165e+01 2.511074342e+09
-2.234468967e+00 6.072778357e+01 -8.327097004e+01 2.672124062e+09
-2.214428887e+00 5.905046041e+01 -8.429352325e+01 2.843714776e+09
-2.194388807e+00 5.735288464e+01 -8.528736059e+01 3.026545996e+09
-2.174348727e+00 5.563563460e+01 -8.625214120e+01 3.221364119e+09
-2.154308647e+00 5.389929535e+01 -8.718753407e+01 3.428965599e+09
-2.134268567e+00 5.214445851e+01 -8.809321824e+01 3.650200327e+09
-2.114228487e+00 5.037172206e+01 -8.896888287e+01 3.885975243e+09
-2.094188407e+00 4.858169011e+01 -8.981422731e+01 4.137258201e+09
-2.074148327e+00 4.677497272e+01 -9.062896130e+01 4.405082086e+09
-2.054108247e+00 4.495218566e+01 -9.141280497e+01 4.690549217e+09
-2.034068167e+00 4.311395024e+01 -9.216548900e+01 4.994836055e+09
-2.014028087e+00 4.126089308e+01 -9.288675469e+01 5.319198218e+09
-1.993988007e+00 3.939364587e+01 -9.357635403e+01 5.664975856e+09
-1.973947927e+00 3.749753067e+01 -9.605101746e+01 6.028945129e+09
-1.953907847e+00 3.555328915e+01 -9.835045034e+01 6.405467698e+09
-1.933867767e+00 3.356440723e+01 -1.004777710e+02 6.795085533e+09
-1.913827688e+00 3.153430564e+01 -1.024364175e+02 7.198412387e+09
-1.893787608e+00 2.946633374e+01 -1.042301201e+02 7.616137229e+09
-1.873747528e+00 2.736376390e+01 -1.058628754e+02 8.049027913e+09
-1.853707448e+00 2.522978636e+01 -1.073389199e+02 8.497935127e+09
-1.833667368e+00 2.306750464e+01 -1.086627048e+02 8.963796653e+09
-1.813627288e+00 2.087993144e+01 -1.098388725e+02 9.447641978e+09
-1.793587208e+00 1.866998502e+01 -1.108722320e+02 9.950597302e+09
-1.773547128e+00 1.644048603e+01 -1.117677372e+02 1.047389098e+10
-1.753507048e+00 1.419415479e+01 -1.125304646e+02 1.101885947e+10
-1.733466968e+00 1.193360904e+01 -1.131655926e+02 1.158695374e+10
-1.713426888e+00 9.661362016e+00 -1.136783821e+02 1.217974638e+10
-1.693386808e+00 7.379820984e+00 -1.140741568e+02 1.279893921e+10
-1.673346728e+00 5.091286131e+00 -1.143582861e+02 1.344637171e+10
-1.653306648e+00 2.797949791e+00 -1.145361673e+02 1.412403009e+10
-1.633266568e+00 5.018960121e-01 -1.146132103e+02 1.483405728e+10
-1.613226488e+00 -1.794899557e+00 -1.145948219e+02 1.557876377e+10
-1.593186408e+00 -4.090569495e+00 -1.144863921e+02 1.636063939e+10
-1.573146328e+00 -6.383354158e+00 -1.142932806e+02 1.718236618e+10
-1.553106248e+00 -8.671600967e+00 -1.140208049e+02 1.804683240e+10
-1.533066168e+00 -1.095376347e+01 -1.136742284e+02 1.895714776e+10
-1.513026088e+00 -1.322840015e+01 -1.132587502e+02 1.991665999e+10
-1.492986009e+00 -1.549417310e+01 -1.127794955e+02 2.092897284e+10
-1.472945929e+00 -1.774984642e+01 -1.122415066e+02 2.199796567e+10
-1.452905849e+00 -1.999428450e+01 -1.116497348e+02 2.312781478e+10
-1.432865769e+00 -2.222645016e+01 -1.110090333e+02 2.432301649e+10
-1.412825689e+00 -2.444540260e+01 -1.103241508e+02 2.558841228e+10
-1.392785609e+00 -2.665029528e+01 -1.095997255e+02 2.692921609e+10
-1.372745529e+00 -2.884037362e+01 -1.088402800e+02 2.835104394e+10
-1.352705449e+00 -3.101497270e+01 -1.080502169e+02 2.985994613e+10
-1.332665369e+00 -3.317351480e+01 -1.072338150e+02 3.146244212e+10
-1.312625289e+00 -3.531550688e+01 -1.063952262e+02 3.316555848e+10
-1.292585209e+00 -3.744053802e+01 -1.055384725e+02 3.497687003e+10
-1.272545129e+00 -3.954827681e+01 -1.046674441e+02 3.690454452e+10
-1.252505049e+00 -4.163846869e+01 -1.037858976e+02 3.895739106e+10
-1.232464969e+00 -4.371093324e+01 -1.028974551e+02 4.114491278e+10
-1.212424889e+00 -4.576556152e+01 -1.020056030e+02 4.347736387e+10
-1.192384809e+00 -4.780231331e+01 -1.011136921e+02 4.596581155e+10
-1.172344729e+00 -4.982121440e+01 -1.002249375e+02 4.862220329e+10
-1.152304649e+00 -5.182235391e+01 -9.934241864e+01 5.145943977e+10
-1.132264569e+00 -5.380588151e+01 -9.846908055e+01 5.449145402e+10
-1.112224489e+00 -5.577200478e+01 -9.760773443e+01 5.773329737e+10
-1.092184409e+00 -5.772098656e+01 -9.676105914e+01 6.120123266e+10
-1.072144330e+00 -5.965314224e+01 -9.593160245e+01 6.491283538e+10
-1.052104250e+00 -6.156883721e+01 -9.512178302e+01 6.888710351e+10
-1.032064170e+00 -6.346848425e+01 -9.433389198e+01 7.314457665e+10
-1.012024090e+00 -6.535254102e+01 -9.357009523e+01 7.770746533e+10
-9.919840097e-01 -6.722150755e+01 -9.283243555e+01 8.259979134e+10
-9.719439298e-01 -6.907592378e+01 -9.212283483e+01 8.784753999e+10
-9.519038498e-01 -7.091636720e+01 -9.144309662e+01 9.347882548e+10
-9.318637699e-01 -7.274345046e+01 -9.079490853e+01 9.952407014e+10
-9.118236899e-01 -7.455781907e+01 -9.017984477e+01 1.060161992e+11
-8.917836100e-01 -7.636014918e+01 -8.959936888e+01 1.129908520e+11
-8.717435300e-01 -7.815114536e+01 -8.905483622e+01 1.204866112e+11
-8.517034501e-01 -7.993153844e+01 -8.854749666e+01 1.285452516e+11
-8.316633701e-01 -8.170208346e+01 -8.807849725e+01 1.372120104e+11
-8.116232902e-01 -8.346355760e+01 -8.764888482e+01 1.465358794e+11
-7.915832102e-01 -8.521675818e+01 -8.725960854e+01 1.565699240e+11
-7.715431303e-01 -8.696250078e+01 -8.691152253e+01 1.673716272e+11
-7.515030503e-01 -8.870161730e+01 -8.660538828e+01 1.790032645e+11
-7.314629704e-01 -9.043495415e+01 -8.634187720e+01 1.915323097e+11
-7.114228904e-01 -9.216337045e+01 -8.612157289e+01 2.050318754e+11
-6.913828105e-01 -9.388773632e+01 -8.594497342e+01 2.195811914e+11
-6.713427305e-01 -9.560893114e+01 -8.581249358e+01 2.352661226e+11
-6.513026506e-01 -9.732784195e+01 -8.572446692e+01 2.521797318e+11
-6.312625706e-01 -9.904536178e+01 -8.568114775e+01 2.704228894e+11
-6.112224907e-01 -1.007623881e+02 -8.568271299e+01 2.901049350e+11
-5.911824107e-01 -1.024798214e+02 -8.572926394e+01 3.113443945e+11
-5.711423308e-01 -1.041985634e+02 -8.582082795e+01 3.342697580e+11
-5.511022508e-01 -1.059195159e+02 -8.595735984e+01 3.590203230e+11
-5.310621709e-01 -1.076435792e+02 -8.613874334e+01 3.857471084e+11
-5.110220909e-01 -1.093716506e+02 -8.636479233e+01 4.146138448e+11
-4.909820110e-01 -1.111046231e+02 -8.663525187e+01 4.457980489e+11
-4.709419310e-01 -1.128433841e+02 -8.694979925e+01 4.794921862e+11
-4.509018511e-01 -1.145888140e+02 -8.730804472e+01 5.159049317e+11
-4.308617711e-01 -1.163417846e+02 -8.770953222e+01 5.552625352e+11
-4.108216912e-01 -1.181031584e+02 -8.815373992e+01 5.978103002e+11
-3.907816112e-01 -1.198737865e+02 -8.864008053e+01 6.438141849e+11
-3.707415313e-01 -1.216545079e+02 -8.916790162e+01 6.935625362e+11
-3.507014513e-01 -1.234461480e+02 -8.973648563e+01 7.473679665e+11
-3.306613714e-01 -1.252495171e+02 -9.034504990e+01 8.055693842e+11
-3.106212914e-01 -1.270654096e+02 -9.099274641e+01 8.685341922e+11
-2.905812114e-01 -1.288946019e+02 -9.167866143e+01 9.366606645e+11
-2.705411315e-01 -1.307378520e+02 -9.240181509e+01 1.010380518e+12
-2.505010515e-01 -1.325958974e+02 -9.316116072e+01 1.090161693e+12
-2.304609716e-01 -1.344694541e+02 -9.395558408e+01 1.176511360e+12
-2.104208916e-01 -1.363592154e+02 -9.478390249e+01 1.269979163e+12
-1.903808117e-01 -1.382658500e+02 -9.564486381e+01 1.371160737e+12
-1.703407317e-01 -1.401900011e+02 -9.653714524e+01 1.480701492e+12
-1.503006518e-01 -1.421322850e+02 -9.745935210e+01 1.599300714e+12
-1.302605718e-01 -1.440932890e+02 -9.841001639e+01 1.727715977e+12
-1.102204919e-01 -1.460735706e+02 -9.938759530e+01 1.866767917e+12
-9.018041193e-02 -1.480736558e+02 -1.003904696e+02 2.017345379e+12
-7.014033198e-02 -1.500940375e+02 -1.014169419e+02 2.180410965e+12
-5.010025203e-02 -1.521351736e+02 -1.024652347e+02 2.357007015e+12
-3.006017208e-02 -1.541974862e+02 -1.035334889e+02 2.548262062e+12
-1.002009213e-02 -1.562813590e+02 -1.046197612e+02 2.755397775e+12
1.001998782e-02 -1.583871363e+02 -1.057220224e+02 2.979736444e+12
3.006006777e-02 -1.605151210e+02 -1.068381554e+02 3.222709035e+12
5.010014772e-02 -1.626655726e+02 -1.079659524e+02 3.485863859e+12
7.014022768e-02 -1.648387058e+02 -1.091031134e+02 3.770875898e+12
9.018030763e-02 -1.670346884e+02 -1.102472432e+02 4.079556829e+12
1.102203876e-01 -1.692536392e+02 -1.113958495e+02 4.413865800e+12
1.302604675e-01 -1.714956266e+02 -1.125463405e+02 4.775921009e+12
1.503005475e-01 -1.737606657e+02 -1.136960222e+02 5.168012128e+12
1.703406274e-01 -1.760487172e+02 -1.148420964e+02 5.592613644e+12
1.903807074e-01 -1.783596846e+02 -1.159816584e+02 6.052399168e+12
2.104207873e-01 -1.806934124e+02 -1.171116942e+02 6.550256775e+12
2.304608673e-01 -1.830496836e+02 -1.182290786e+02 7.089305441e+12
2.505009472e-01 -1.854282178e+02 -1.193305728e+02 7.672912642e+12
2.705410272e-01 -1.878286686e+02 -1.204128224e+02 8.304713203e+12
2.905811071e-01 -1.902506216e+02 -1.214723551e+02 8.988629444e+12
3.106211871e-01 -1.926935915e+02 -1.225055787e+02 9.728892727e+12
3.306612670e-01 -1.951570203e+02 -1.235087796e+02 1.053006647e+13
3.507013470e-01 -1.976402743e+02 -1.244781206e+02 1.139707073e+13
3.707414269e-01 -2.001426421e+02 -1.254096397e+02 1.233520841e+13
3.907815069e-01 -2.026633317e+02 -1.262992483e+02 1.335019321e+13
4.108215868e-01 -2.052014682e+02 -1.271427306e+02 1.444817940e+13
4.308616668e-01 -2.077560909e+02 -1.279357421e+02 1.563579355e+13
4.509017467e-01 -2.103261513e+02 -1.286738090e+02 1.692016821e+13
4.709418267e-01 -2.129105098e+02 -1.293523278e+02 1.830897778e+13
4.909819067e-01 -2.155079339e+02 -1.299665651e+02 1.981047656e+13
5.110219866e-01 -2.181170947e+02 -1.305116578e+02 2.143353914e+13
5.310620666e-01 -2.207365652e+02 -1.309826133e+02 2.318770319e+13
5.511021465e-01 -2.233648168e+02 -1.313743106e+02 2.508321483e+13
5.711422265e-01 -2.260002176e+02 -1.316815014e+02 2.713107658e+13
5.911823064e-01 -2.286410292e+02 -1.318988119e+02 2.934309803e+13
6.112223864e-01 -2.312854048e+02 -1.320207447e+02 3.173194943e+13
6.312624663e-01 -2.339313862e+02 -1.320416814e+02 3.431121807e+13
6.513025463e-01 -2.365769015e+02 -1.319558858e+02 3.709546781e+13
6.713426262e-01 -2.392197631e+02 -1.317575074e+02 4.010030158e+13
6.913827062e-01 -2.418576652e+02 -1.314405859e+02 4.334242715e+13
7.114227861e-01 -2.444881817e+02 -1.309990553e+02 4.683972610e+13
7.314628661e-01 -2.471087638e+02 -1.304267502e+02 5.061132608e+13
7.515029460e-01 -2.497167389e+02 -1.297174113e+02 5.467767649e+13
7.715430260e-01 -2.523093076e+02 -1.288646924e+02 5.906062741e+13
7.915831059e-01 -2.548835433e+02 -1.278621679e+02 6.378351205e+13
8.116231859e-01 -2.574363894e+02 -1.267033411e+02 6.887123253e+13
8.316632658e-01 -2.599646591e+02 -1.253816533e+02 7.435034899e+13
8.517033458e-01 -2.624650334e+02 -1.238904938e+02 8.024917211e+13
8.717434257e-01 -2.649340606e+02 -1.222232104e+02 8.659785877e+13
8.917835057e-01 -2.673681553e+02 -1.203731215e+02 9.342851087e+13
9.118235856e-01 -2.697635983e+02 -1.183335282e+02 1.007752771e+14
9.318636656e-01 -2.721165358e+02 -1.160977284e+02 1.086744578e+14
9.519037455e-01 -2.744229800e+02 -1.136590306e+02 1.171646115e+14
9.719438255e-01 -2.766788090e+02 -1.110107703e+02 1.262866653e+14
9.919839054e-01 -2.788797680e+02 -1.081463258e+02 1.360840256e+14
1.012023985e+00 -2.810214697e+02 -1.050591364e+02 1.466026915e+14
1.032064065e+00 -2.830993961e+02 -1.017427207e+02 1.578913691e+14
1.052104145e+00 -2.851089000e+02 -9.819069633e+01 1.700015862e+14
1.072144225e+00 -2.870452074e+02 -9.439680142e+01 1.829878077e+14
1.092184305e+00 -2.889034200e+02 -9.035491584e+01 1.969075496e+14
1.112224385e+00 -2.906785181e+02 -8.605908521e+01 2.118214925e+14
1.132264465e+00 -2.923653643e+02 -8.150354454e+01 2.277935926e+14
1.152304545e+00 -2.939587075e+02 -7.668274368e+01 2.448911897e+14
1.172344625e+00 -2.954531871e+02 -7.159137461e+01 2.631851115e+14
1.192384705e+00 -2.968433388e+02 -6.622439824e+01 2.827497720e+14
1.212424785e+00 -2.981235993e+02 -6.057707421e+01 3.036632648e+14
1.232464865e+00 -2.992883133e+02 -5.464499016e+01 3.260074470e+14
1.252504945e+00 -3.003317400e+02 -4.842409276e+01 3.498680159e+14
1.272545025e+00 -3.012480605e+02 -4.191072061e+01 3.753345732e+14
1.292585105e+00 -3.020313863e+02 -3.510163665e+01 4.025006779e+14
1.312625185e+00 -3.026757675e+02 -2.799406222e+01 4.314638843e+14
1.332665265e+00 -3.031752027e+02 -2.058571304e+01 4.623257640e+14
1.352705345e+00 -3.035236494e+02 -1.287483427e+01 4.951919096e+14
1.372745425e+00 -3.037150341e+02 -4.860237354e+00 5.301719175e+14
1.392785504e+00 -3.037432650e+02 3.458661642e+00 5.673793477e+14
1.412825584e+00 -3.036022436e+02 1.208180498e+01 6.069316581e+14
1.432865664e+00 -3.032858784e+02 2.100845327e+01 6.489501110e+14
1.452905744e+00 -3.027880984e+02 3.023714718e+01 6.935596478e+14
1.472945824e+00 -3.021028686e+02 3.976566778e+01 7.408887301e+14
1.492985904e+00 -3.012242047e+02 4.959099575e+01 7.910691444e+14
1.513025984e+00 -3.001461901e+02 5.970927270e+01 8.442357659e+14
1.533066064e+00 -2.988629927e+02 7.011575992e+01 9.005262794e+14
1.553106144e+00 -2.973688831e+02 8.080479954e+01 9.600808540e+14
1.573146224e+00 -2.956582533e+02 9.176977517e+01 1.023041767e+15
1.593186304e+00 -2.937256361e+02 1.030030719e+02 1.089552975e+15
1.613226384e+00 -2.915657255e+02 1.144960393e+02 1.159759630e+15
1.633266464e+00 -2.891733977e+02 1.262389536e+02 1.233807529e+15
1.653306544e+00 -2.865437333e+02 1.382209811e+02 1.311842514e+15
1.673346624e+00 -2.836720392e+02 1.504301440e+02 1.394009786e+15
1.693386704e+00 -2.805538724e+02 1.628532870e+02 1.480453168e+15
1.713426784e+00 -2.771850633e+02 1.754760447e+02 1.571314286e+15
1.733466864e+00 -2.735617409e+02 1.882828142e+02 1.666731674e+15
1.753506944e+00 -2.696803570e+02 2.012567255e+02 1.766839807e+15
1.773547024e+00 -2.655377126e+02 2.143796192e+02 1.871768051e+15
1.793587103e+00 -2.611309833e+02 2.276320238e+02 1.981639532e+15
1.813627183e+00 -2.564577462e+02 2.409931371e+02 2.096569927e+15
1.833667263e+00 -2.515160062e+02 2.544408122e+02 2.216666166e+15
1.853707343e+00 -2.463042237e+02 2.679515451e+02 2.342025057e+15
1.873747423e+00 -2.408213413e+02 2.815004686e+02 2.472731827e+15
1.893787503e+00 -2.350668113e+02 2.950613498e+02 2.608858583e+15
1.913827583e+00 -2.290406233e+02 3.086065917e+02 2.750462697e+15
1.933867663e+00 -2.227433311e+02 3.221072407e+02 2.897585114e+15
1.953907743e+00 -2.161760800e+02 3.355330001e+02 3.050248597e+15
1.973947823e+00 -2.093406337e+02 3.488522473e+02 3.208455899e+15
1.993987903e+00 -2.022394004e+02 3.620320595e+02 3.372187888e+15
2.014027983e+00 -1.949235993e+02 3.670316649e+02 3.543097983e+15
2.034068063e+00 -1.875408447e+02 3.702996612e+02 3.726591006e+15
2.054108143e+00 -1.800936522e+02 3.734414397e+02 3.923514011e+15
2.074148223e+00 -1.725845600e+02 3.764559207e+02 4.134776086e+15
2.094188303e+00 -1.650161280e+02 3.793420681e+02 4.361352673e+15
2.114228383e+00 -1.573909363e+02 3.820988893e+02 4.604290093e+15
2.134268463e+00 -1.497115847e+02 3.847254359e+02 4.864710412e+15
2.154308543e+00 -1.419806913e+02 3.872208039e+02 5.143816640e+15
2.174348623e+00 -1.342008923e+02 3.895841340e+02 5.442898331e+15
2.194388703e+00 -1.263748405e+02 3.918146120e+02 5.763337563e+15
2.214428782e+00 -1.185052047e+02 3.939114689e+02 6.106615365e+15
2.234468862e+00 -1.105946689e+02 3.958739815e+02 6.474318597e+15
2.254508942e+00 -1.026459311e+02 3.977014720e+02 6.868147326e+15
2.274549022e+00 -9.466170225e+01 3.993933090e+02 7.289922731e+15
2.294589102e+00 -8.664470595e+01 4.009489073e+02 7.741595567e+15
2.314629182e+00 -7.859767695e+01 4.023677282e+02 8.225255238e+15
2.334669262e+00 -7.052336042e+01 4.036492794e+02 8.743139514e+15
2.354709342e+00 -6.242451104e+01 4.047931158e+02 9.297644942e+15
2.374749422e+00 -5.430389198e+01 4.057988390e+02 9.891337997e+15
2.394789502e+00 -4.616427403e+01 4.066660979e+02 1.052696702e+16
2.414829582e+00 -3.800843460e+01 4.073945885e+02 1.120747502e+16
2.434869662e+00 -2.983915680e+01 4.079840543e+02 1.193601336e+16
2.454909742e+00 -2.165922851e+01 4.084342863e+02 1.271595644e+16
2.474949822e+00 -1.347144137e+01 4.087451226e+02 1.355091739e+16
2.494989902e+00 -5.278589883e+00 4.089164494e+02 1.444476493e+16
2.515029982e+00 2.916529571e+00 4.089482001e+02 1.540164138e+16
2.535070062e+00 1.111111967e+01 4.088403561e+02 1.642598193e+16
2.555110142e+00 1.930238313e+01 4.085929462e+02 1.752253535e+16
2.575150222e+00 2.748752361e+01 4.082060469e+02 1.869638607e+16
2.595190302e+00 3.566374674e+01 4.076797823e+02 1.995297794e+16
2.615230381e+00 4.382826101e+01 4.070143242e+02 2.129813956e+16
2.635270461e+00 5.197827875e+01 4.062098918e+02 2.273811148e+16
2.655310541e+00 6.011101710e+01 4.052667517e+02 2.427957529e+16
2.675350621e+00 6.822369890e+01 4.041852181e+02 2.592968479e+16
2.695390701e+00 7.631355373e+01 4.029656523e+02 2.769609937e+16
2.715430781e+00 8.437781876e+01 4.016084626e+02 2.958701972e+16
2.735470861e+00 9.241373976e+01 4.001141046e+02 3.161122613e+16
2.755510941e+00 1.004185720e+02 3.984830806e+02 3.377811944e+16
2.775551021e+00 1.083895813e+02 3.967159395e+02 3.609776495e+16
2.795591101e+00 1.163240446e+02 3.948132769e+02 3.858093938e+16
2.815631181e+00 1.242192516e+02 3.927757344e+02 4.123918119e+16
2.835671261e+00 1.320725048e+02 3.906040000e+02 4.408484451e+16
2.855711341e+00 1.398811212e+02 3.882988074e+02 4.713115679e+16
2.875751421e+00 1.476424326e+02 3.858609358e+02 5.039228061e+16
2.895791501e+00 1.553537871e+02 3.832912098e+02 5.388337986e+16
2.915831581e+00 1.630125494e+02 3.805904993e+02 5.762069056e+16
2.935871661e+00 1.706161023e+02 3.777597186e+02 6.162159681e+16
2.955911741e+00 1.781618471e+02 3.747998265e+02 6.590471197e+16
2.975951821e+00 1.856472047e+02 3.717118263e+02 7.048996573e+16
2.995991901e+00 1.930696164e+02 3.684967646e+02 7.539869726e+16
3.016031981e+00 2.004265451e+02 3.651557317e+02 8.065375504e+16
3.036072060e+00 2.077154758e+02 3.616898609e+02 8.627960366e+16
3.056112140e+00 2.149339163e+02 3.581003283e+02 9.230243832e+16
3.076152220e+00 2.220793987e+02 3.543883520e+02 9.875030735e+16
3.096192300e+00 2.291494796e+02 3.505551923e+02 1.056532434e+17
3.116232380e+00 2.361417414e+02 3.466021507e+02 1.130434042e+17
3.136272460e+00 2.430537928e+02 3.425305697e+02 1.209552228e+17
3.156312540e+00 2.498832697e+02 3.383418325e+02 1.294255688e+17
3.176352620e+00 2.566278362e+02 3.340373623e+02 1.384939211e+17
3.196392700e+00 2.632851851e+02 3.296186218e+02 1.482025527e+17
3.216432780e+00 2.698530391e+02 3.250871130e+02 1.585967287e+17
3.236472860e+00 2.763291509e+02 3.204443761e+02 1.697249182e+17
3.256512940e+00 2.827113048e+02 3.156919898e+02 1.816390213e+17
3.276553020e+00 2.889973168e+02 3.108315700e+02 1.943946127e+17
3.296593100e+00 2.951850357e+02 3.058647697e+02 2.080512015e+17
3.316633180e+00 3.012723436e+02 3.007932784e+02 2.226725105e+17
3.336673260e+00 3.072571570e+02 2.956188212e+02 2.383267745e+17
3.356713340e+00 3.131374270e+02 2.903431586e+02 2.550870607e+17
3.376753420e+00 3.189111405e+02 2.849680857e+02 2.730316108e+17
3.396793500e+00 3.245763205e+02 2.794954317e+02 2.922442079e+17
3.416833580e+00 3.301310269e+02 2.739270592e+02 3.128145699e+17
3.436873659e+00 3.355733575e+02 2.682648634e+02 3.348387695e+17
3.456913739e+00 3.409014479e+02 2.625107719e+02 3.584196855e+17
3.476953819e+00 3.461134730e+02 2.566667437e+02 3.836674853e+17
3.496993899e+00 3.512076470e+02 2.507347685e+02 4.107001416e+17
3.517033979e+00 3.561822242e+02 2.447168662e+02 4.396439863e+17
3.537074059e+00 3.610354998e+02 2.386150861e+02 4.706343031e+17
3.557114139e+00 3.657658101e+02 2.324315065e+02 5.038159629e+17
3.577154219e+00 3.703715335e+02 2.261682333e+02 5.393441037e+17
3.597194299e+00 3.748510906e+02 2.198274002e+02 5.773848588e+17
3.617234379e+00 3.792029453e+02 2.134111670e+02 6.181161374e+17
3.637274459e+00 3.834256046e+02 2.069217199e+02 6.617284596e+17
3.657314539e+00 3.875176199e+02 2.003612698e+02 7.084258518e+17
3.677354619e+00 3.914775868e+02 1.937320521e+02 7.584268048e+17
3.697394699e+00 3.953041460e+02 1.870363258e+02 8.119653002e+17
3.717434779e+00 3.989959839e+02 1.802763728e+02 8.692919102e+17
3.737474859e+00 4.025518324e+02 1.734544969e+02 9.306749751e+17
3.757514939e+00 4.059704701e+02 1.665730233e+02 9.964018642e+17
3.777555019e+00 4.092507221e+02 1.596342977e+02 1.066780327e+18
3.797595099e+00 4.123914609e+02 1.526406854e+02 1.142139939e+18
3.817635179e+00 4.153916064e+02 1.455945705e+02 1.222833652e+18
3.837675259e+00 4.182501265e+02 1.384983552e+02 1.309239456e+18
3.857715338e+00 4.209660374e+02 1.313544592e+02 1.401762153e+18
3.877755418e+00 4.235384038e+02 1.241653182e+02 1.500835261e+18
3.897795498e+00 4.259663396e+02 1.169333837e+02 1.606923058e+18
3.917835578e+00 4.282490076e+02 1.096611220e+02 1.720522763e+18
3.937875658e+00 4.303856205e+02 1.023510132e+02 1.842166873e+18
3.957915738e+00 4.323754406e+02 9.500555048e+01 1.972425674e+18
3.977955818e+00 4.342177803e+02 8.762723922e+01 2.111909922e+18
3.997995898e+00 4.359120023e+02 8.021859621e+01 2.261273719e+18
4.018035978e+00 4.374575199e+02 7.278214868e+01 2.421217590e+18
4.038076058e+00 4.388537970e+02 6.532043353e+01 2.592491783e+18
4.058116138e+00 4.401003486e+02 5.783599641e+01 2.775899803e+18
4.078156218e+00 4.411967405e+02 5.033139089e+01 2.972302192e+18
4.098196298e+00 4.421425900e+02 4.280917755e+01 3.182620586e+18
4.118236378e+00 4.429375656e+02 3.527192313e+01 3.407842051e+18
4.138276458e+00 4.435813875e+02 2.772219967e+01 3.649023739e+18
4.158316538e+00 4.440738271e+02 2.016258359e+01 3.907297866e+18
4.178356618e+00 4.444147079e+02 1.259565484e+01 4.183877043e+18
4.198396698e+00 4.446039048e+02 5.023996013e+00 4.480059997e+18
4.218436778e+00 4.446413446e+02 -2.549808530e+00 4.797237689e+18
4.238476858e+00 4.445270059e+02 -1.012317356e+01 5.136899868e+18
4.258516937e+00 4.442609191e+02 -1.769351383e+01 5.500642098e+18
4.278557017e+00 4.438431664e+02 -2.525824501e+01 5.890173277e+18
4.298597097e+00 4.432738818e+02 -3.281478452e+01 6.307323697e+18
4.318637177e+00 4.425532510e+02 -4.036055242e+01 6.754053674e+18
4.338677257e+00 4.416815113e+02 -4.789297232e+01 7.232462792e+18
4.358717337e+00 4.406589517e+02 -5.540947221e+01 7.744799810e+18
4.378757417e+00 4.394859128e+02 -6.290748542e+01 8.293473266e+18
4.398797497e+00 4.381627863e+02 -7.038445139e+01 8.881062841e+18
4.418837577e+00 4.366900154e+02 -7.783781662e+01 9.510331532e+18
4.438877657e+00 4.350680944e+02 -8.526503554e+01 1.018423869e+19
4.458917737e+00 4.332975683e+02 -9.266357132e+01 1.090595398e+19
4.478957817e+00 4.313790331e+02 -1.000308968e+02 1.167887236e+19
4.498997897e+00 4.293131353e+02 -1.073644954e+02 1.250663007e+19
4.519037977e+00 4.271005717e+02 -1.146618617e+02 1.339312184e+19
4.539078057e+00 4.247420893e+02 -1.219205028e+02 1.434251926e+19
4.559118137e+00 4.222384847e+02 -1.291379386e+02 1.535929047e+19
4.579158217e+00 4.195906044e+02 -1.363117031e+02 1.644822127e+19
4.599198297e+00 4.167993441e+02 -1.434393450e+02 1.761443771e+19
4.619238377e+00 4.138656484e+02 -1.505184287e+02 1.886343034e+19
4.639278457e+00 4.107905106e+02 -1.575465348e+02 2.020108009e+19
4.659318537e+00 4.075749723e+02 -1.645212615e+02 2.163368609e+19
4.679358616e+00 4.042201233e+02 -1.714402247e+02 2.316799544e+19
4.699398696e+00 4.007271008e+02 -1.783010596e+02 2.481123507e+19
4.719438776e+00 3.970970893e+02 -1.851014207e+02 2.657114590e+19
4.739478856e+00 3.933313202e+02 -1.918389835e+02 2.845601942e+19
4.759518936e+00 3.894310711e+02 -1.985114442e+02 3.047473691e+19
4.779559016e+00 3.853976659e+02 -2.051165217e+02 3.263681140e+19
4.799599096e+00 3.812324737e+02 -2.116519574e+02 3.495243264e+19
4.819639176e+00 3.769369088e+02 -2.181155163e+02 3.743251529e+19
4.839679256e+00 3.725124302e+02 -2.245049881e+02 4.008875056e+19
4.859719336e+00 3.679605409e+02 -2.308181875e+02 4.293366144e+19
4.879759416e+00 3.632827873e+02 -2.370529550e+02 4.598066200e+19
4.899799496e+00 3.584807592e+02 -2.432071580e+02 4.924412077e+19
4.919839576e+00 3.535560887e+02 -2.492786910e+02 5.273942879e+19
4.939879656e+00 3.485104497e+02 -2.552654769e+02 5.648307235e+19
4.959919736e+00 3.433455579e+02 -2.611654672e+02 6.049271105e+19
4.979959816e+00 3.380631694e+02 -2.669766430e+02 6.478726137e+19
4.999999896e+00 3.326650809e+02 -2.726970155e+02 6.938698613e+19
5.020039976e+00 3.271531282e+02 -2.783246269e+02 7.431359048e+19
